[gd_scene load_steps=44 format=3 uid="uid://ga8mfu74ecg2"]

[ext_resource type="PackedScene" path="res://addons/snowball_framework/source/scenes/interface/debug_healthbar.tscn" id="1"]
[ext_resource type="PackedScene" path="res://addons/snowball_framework/source/scenes/entity/state_controller.tscn" id="2"]
[ext_resource type="Animation" path="res://assets/resource/animation/SnailIdle.tres" id="3"]
[ext_resource type="Animation" path="res://assets/resource/animation/SnailMove.tres" id="4"]
[ext_resource type="Animation" path="res://assets/resource/animation/SnailHide.tres" id="5"]
[ext_resource type="Animation" path="res://assets/resource/animation/ShellUnhide.tres" id="9"]
[ext_resource type="ArrayMesh" path="res://assets/model/snail_body.mesh" id="10"]
[ext_resource type="ArrayMesh" path="res://assets/model/snail_eye_left.mesh" id="11"]
[ext_resource type="ArrayMesh" path="res://assets/model/snail_shell.mesh" id="12"]
[ext_resource type="ArrayMesh" path="res://assets/model/snail_eye_right.mesh" id="13"]
[ext_resource type="Animation" path="res://assets/resource/animation/SnailRollFront.tres" id="14"]
[ext_resource type="Animation" path="res://assets/resource/animation/SnailHidden.tres" id="15"]
[ext_resource type="Animation" path="res://assets/resource/animation/SnailFlip.tres" id="16"]
[ext_resource type="Animation" path="res://assets/resource/animation/SnailRollBack.tres" id="17"]
[ext_resource type="Script" path="res://source/scripts/entity/snail/SnailStateJump.gd" id="18"]
[ext_resource type="Script" path="res://source/scripts/entity/snail/SnailStateDodg.gd" id="19"]
[ext_resource type="Script" path="res://source/scripts/entity/snail/SnailStateHide.gd" id="20"]
[ext_resource type="Script" path="res://source/scripts/entity/snail/SnailStateMove.gd" id="21"]
[ext_resource type="Script" path="res://source/scripts/entity/snail/SnailStateFall.gd" id="22"]
[ext_resource type="Script" path="res://source/scripts/entity/snail/SnailStateRoll.gd" id="23"]
[ext_resource type="Script" path="res://source/scripts/entity/snail/SnailStateIdle.gd" id="24"]
[ext_resource type="Script" path="res://source/scripts/entity/snail/Snail.gd" id="25"]
[ext_resource type="Animation" path="res://assets/resource/animation/SnailFall.tres" id="26"]
[ext_resource type="Animation" path="res://assets/resource/animation/SnailJump.tres" id="27"]
[ext_resource type="Script" path="res://source/scripts/entity/snail/SnailStateHang.gd" id="28"]
[ext_resource type="Animation" path="res://assets/resource/animation/SnailShimmyRight.tres" id="29"]
[ext_resource type="Animation" path="res://assets/resource/animation/SnailShimmyLeft.tres" id="30"]
[ext_resource type="Animation" path="res://assets/resource/animation/SnailLift.tres" id="31"]
[ext_resource type="Animation" path="res://assets/resource/animation/SnailSpin.tres" id="32"]
[ext_resource type="Animation" path="res://assets/resource/animation/SnailLedge.tres" id="33"]
[ext_resource type="Animation" path="res://assets/resource/animation/SnailGrab.tres" id="34"]
[ext_resource type="Animation" path="res://assets/resource/animation/SnailPush.tres" id="35"]
[ext_resource type="Script" path="res://source/scripts/entity/snail/SnailStatePush.gd" id="36"]
[ext_resource type="Animation" path="res://assets/resource/animation/SnailPress.tres" id="37"]
[ext_resource type="Resource" path="res://assets/resource/identity/snail.tres" id="38"]

[sub_resource type="PhysicsMaterial" id="32"]

[sub_resource type="Skin" id="36"]
resource_name = "Skin"
bind_count = 24
bind/0/name = &"Body"
bind/0/bone = -1
bind/0/pose = Transform3D(1, 1.10291e-23, -2.22045e-16, -2.22045e-16, 9.93411e-08, -1, 1.10291e-23, 1, 9.93411e-08, 5.00252e-17, -0.0753159, -0.0493908)
bind/1/name = &"Head"
bind/1/bone = -1
bind/1/pose = Transform3D(1, 0, -1.09564e-30, 1.09564e-30, 0, -1, 0, 1, 0, 1.33362e-16, -0.375316, -0.0493909)
bind/2/name = &"Stalk4.L"
bind/2/bone = -1
bind/2/pose = Transform3D(0.984805, 0.173665, -2.78531e-05, -0.173026, 0.981169, -0.0858413, -0.0148803, 0.0845416, 0.996309, 0.0353542, -0.307008, 0.508579)
bind/3/name = &"Stalk3.L"
bind/3/bone = -1
bind/3/pose = Transform3D(0.984805, 0.173665, -2.78717e-05, -0.173026, 0.981169, -0.0858413, -0.0148803, 0.0845416, 0.996309, 0.0353541, -0.407551, 0.508579)
bind/4/name = &"Stalk2.L"
bind/4/bone = -1
bind/4/pose = Transform3D(0.984805, 0.173665, -2.78885e-05, -0.173026, 0.981169, -0.0858413, -0.0148803, 0.0845416, 0.996309, 0.0353541, -0.508095, 0.508579)
bind/5/name = &"Stalk1.L"
bind/5/bone = -1
bind/5/pose = Transform3D(0.984805, 0.173665, -2.79564e-05, -0.173026, 0.981169, -0.0858414, -0.0148802, 0.0845416, 0.996309, 0.0353542, -0.608638, 0.508579)
bind/6/name = &"Eye.L"
bind/6/bone = -1
bind/6/pose = Transform3D(0.98911, 0.146989, 0.0074968, -0.146993, 0.989138, -2.12225e-07, -0.00741538, -0.001102, 0.999972, 0.0575216, -0.661709, 0.567162)
bind/7/name = &"EyeCenter.L"
bind/7/bone = -1
bind/7/pose = Transform3D(1, 1.225e-08, 4.65661e-09, -6.51929e-09, 4.3842e-07, -1, -7.87168e-08, 1, -2.67755e-08, 0.16407, -0.564601, -0.780284)
bind/8/name = &"Stalk4.R"
bind/8/bone = -1
bind/8/pose = Transform3D(0.984805, -0.173665, 2.78531e-05, 0.173026, 0.981169, -0.0858413, 0.0148803, 0.0845416, 0.996309, -0.0326979, -0.306541, 0.508619)
bind/9/name = &"Stalk3.R"
bind/9/bone = -1
bind/9/pose = Transform3D(0.984805, -0.173665, 2.78717e-05, 0.173026, 0.981169, -0.0858413, 0.0148803, 0.0845416, 0.996309, -0.0326978, -0.407085, 0.508619)
bind/10/name = &"Stalk2.R"
bind/10/bone = -1
bind/10/pose = Transform3D(0.984805, -0.173665, 2.78428e-05, 0.173026, 0.981169, -0.0858413, 0.0148803, 0.0845416, 0.996309, -0.0326979, -0.507628, 0.508619)
bind/11/name = &"Stalk1.R"
bind/11/bone = -1
bind/11/pose = Transform3D(0.984805, -0.173665, 2.79555e-05, 0.173026, 0.981169, -0.0858414, 0.0148802, 0.0845416, 0.996309, -0.0326979, -0.608171, 0.508619)
bind/12/name = &"Eye.R"
bind/12/bone = -1
bind/12/pose = Transform3D(0.98911, -0.146989, -0.0074968, 0.146993, 0.989138, -2.12225e-07, 0.00741538, -0.001102, 0.999972, -0.0548536, -0.661313, 0.567182)
bind/13/name = &"EyeCenter.R"
bind/13/bone = -1
bind/13/pose = Transform3D(1, -1.22473e-08, -4.65661e-10, 1.11759e-08, 4.38071e-07, -1, 7.87223e-08, 1, 3.72529e-09, -0.16407, -0.564601, -0.780284)
bind/14/name = &"EyeMainController"
bind/14/bone = -1
bind/14/pose = Transform3D(1, -5.85619e-37, -1.09564e-30, 1.09564e-30, -5.34499e-07, -1, 1.17124e-36, 1, -5.34499e-07, -0.0216394, -0.878254, -0.783753)
bind/15/name = &"EyeController.L"
bind/15/bone = -1
bind/15/pose = Transform3D(1, 3.13891e-41, -1.09564e-30, 1.09564e-30, 2.86491e-11, -1, -6.27782e-41, 1, 2.86491e-11, 0.16407, -0.822194, -0.780284)
bind/16/name = &"EyeController.R"
bind/16/bone = -1
bind/16/pose = Transform3D(1, 3.13891e-41, -1.09564e-30, 1.09564e-30, 2.86491e-11, -1, -6.27782e-41, 1, 2.86491e-11, -0.16407, -0.822194, -0.780284)
bind/17/name = &"StalkController.R"
bind/17/bone = -1
bind/17/pose = Transform3D(0.999972, 0, -0.00749676, 0, 1, 0, 0.00749676, 0, 0.999972, -0.16637, -0.746691, 0.566346)
bind/18/name = &"StalkController.L"
bind/18/bone = -1
bind/18/pose = Transform3D(0.999972, 0, 0.00749676, 0, 1, 0, -0.00749676, 0, 0.999972, 0.169067, -0.746691, 0.566326)
bind/19/name = &"Foot"
bind/19/bone = -1
bind/19/pose = Transform3D(-1, 0, 0, 0, 0, 1, 0, 1, 0, -6.67487e-17, 0.0753158, -0.0493908)
bind/20/name = &"Tail"
bind/20/bone = -1
bind/20/pose = Transform3D(-1, 0, -1.19785e-18, -1.19785e-18, 0, 1, 0, 1, 0, -6.64795e-17, -0.224684, -0.0493908)
bind/21/name = &"TailController"
bind/21/bone = -1
bind/21/pose = Transform3D(-1, 0, 0, 0, 0, 1, 0, 1, 0, -6.85454e-17, -0.524684, -0.0493908)
bind/22/name = &"HeadController"
bind/22/bone = -1
bind/22/pose = Transform3D(1, 0, 1.07806e-17, 1.07806e-17, 0, -1, 0, 1, 0, 1.40085e-16, -0.623617, -0.0493909)
bind/23/name = &"Mantle"
bind/23/bone = -1
bind/23/pose = Transform3D(1, -2.70234e-16, 2.70234e-16, 2.70234e-16, 1, 7.30266e-32, -2.70234e-16, 7.30266e-32, 1, 1.10197e-16, -0.251689, 0.0753158)

[sub_resource type="SphereShape3D" id="28"]

[sub_resource type="BoxShape3D" id="30"]

[sub_resource type="SphereShape3D" id="31"]

[sub_resource type="Animation" id="41"]
resource_name = "RESET"
tracks/0/type = "value"
tracks/0/imported = false
tracks/0/enabled = true
tracks/0/path = NodePath("Armature:position")
tracks/0/interp = 1
tracks/0/loop_wrap = true
tracks/0/keys = {
"times": PackedFloat32Array(0),
"transitions": PackedFloat32Array(1),
"update": 0,
"values": [Vector3(0, -0.45, 0.05)]
}
tracks/1/type = "value"
tracks/1/imported = false
tracks/1/enabled = true
tracks/1/path = NodePath("Armature:rotation_degrees")
tracks/1/interp = 1
tracks/1/loop_wrap = true
tracks/1/keys = {
"times": PackedFloat32Array(0),
"transitions": PackedFloat32Array(1),
"update": 0,
"values": [Vector3(0, 0, 0)]
}

[sub_resource type="Animation" id="42"]
resource_name = "SnailHang"
length = 0.1
loop_mode = 1
step = 0.01

[sub_resource type="AnimationLibrary" id="AnimationLibrary_apnyq"]
_data = {
"RESET": SubResource("41"),
"ShellUnhide": ExtResource("9"),
"SnailFall": ExtResource("26"),
"SnailFlip": ExtResource("16"),
"SnailGrab": ExtResource("34"),
"SnailHang": SubResource("42"),
"SnailHidden": ExtResource("15"),
"SnailHide": ExtResource("5"),
"SnailIdle": ExtResource("3"),
"SnailJump": ExtResource("27"),
"SnailLedge": ExtResource("33"),
"SnailLift": ExtResource("31"),
"SnailMove": ExtResource("4"),
"SnailPress": ExtResource("37"),
"SnailPush": ExtResource("35"),
"SnailRollBack": ExtResource("17"),
"SnailRollFront": ExtResource("14"),
"SnailShimmyLeft": ExtResource("30"),
"SnailShimmyRight": ExtResource("29"),
"SnailSpin": ExtResource("32")
}

[node name="Snail" type="RigidBody3D"]
collision_mask = 13
mass = 0.2
physics_material_override = SubResource("32")
gravity_scale = 0.0
can_sleep = false
continuous_cd = true
max_contacts_reported = 1
contact_monitor = true
script = ExtResource("25")
identity = ExtResource("38")

[node name="StateController" parent="." instance=ExtResource("2")]

[node name="Idle" type="Node" parent="StateController"]
script = ExtResource("24")

[node name="Move" type="Node" parent="StateController"]
script = ExtResource("21")

[node name="Jump" type="Node" parent="StateController"]
script = ExtResource("18")

[node name="Fall" type="Node" parent="StateController"]
script = ExtResource("22")

[node name="Hide" type="Node" parent="StateController"]
script = ExtResource("20")

[node name="Roll" type="Node" parent="StateController"]
script = ExtResource("23")

[node name="Dodg" type="Node" parent="StateController"]
script = ExtResource("19")

[node name="Hang" type="Node" parent="StateController"]
script = ExtResource("28")

[node name="Push" type="Node" parent="StateController"]
script = ExtResource("36")

[node name="Armature" type="Node3D" parent="."]
transform = Transform3D(1, 0, 0, 0, 1, 0, 0, 0, 1, 0, -0.45, 0.05)

[node name="Skeleton3D" type="Skeleton3D" parent="Armature"]
bones/0/name = "Body"
bones/0/parent = -1
bones/0/rest = Transform3D(1, -2.22045e-16, 0, 0, 0, 1, -2.22045e-16, -1, 0, -6.67487e-17, 0.0493908, -0.0753158)
bones/0/enabled = true
bones/0/position = Vector3(0, 0, 0)
bones/0/rotation = Quaternion(0, 0, 0, 1)
bones/0/scale = Vector3(1, 1, 1)
bones/1/name = "Head"
bones/1/parent = 0
bones/1/rest = Transform3D(1, 2.22045e-16, 1.10291e-23, -2.22045e-16, 1, 9.93411e-08, 1.10291e-23, -9.93411e-08, 1, 5.44735e-25, 0.3, -3.1374e-11)
bones/1/enabled = true
bones/1/position = Vector3(0, 0, 0)
bones/1/rotation = Quaternion(0, 0, 0, 1)
bones/1/scale = Vector3(1, 1, 1)
bones/2/name = "Stalk4.L"
bones/2/parent = 1
bones/2/rest = Transform3D(0.984805, -0.173026, -0.0148803, 2.78354e-05, 0.0858412, -0.996309, 0.173665, 0.981169, 0.0845417, -0.0803696, 0.157739, 0.2027)
bones/2/enabled = true
bones/2/position = Vector3(0, 0, 0)
bones/2/rotation = Quaternion(0, 0, 0, 1)
bones/2/scale = Vector3(1, 1, 1)
bones/3/name = "Stalk3.L"
bones/3/parent = 2
bones/3/rest = Transform3D(1, -8.90089e-08, 1.16543e-08, 8.90089e-08, 1, 3.27127e-08, -1.16543e-08, -3.27127e-08, 1, 1.66438e-10, 0.100543, -3.08501e-08)
bones/3/enabled = true
bones/3/position = Vector3(0, 0, 0)
bones/3/rotation = Quaternion(0, 0, 0, 1)
bones/3/scale = Vector3(1, 1, 1)
bones/4/name = "Stalk2.L"
bones/4/parent = 3
bones/4/rest = Transform3D(1, -2.19004e-08, 1.61481e-08, 2.19004e-08, 1, -2.38651e-08, -1.61481e-08, 2.38651e-08, 1, 1.21508e-09, 0.100543, 1.00117e-08)
bones/4/enabled = true
bones/4/position = Vector3(0, 0, 0)
bones/4/rotation = Quaternion(0, 0, 0, 1)
bones/4/scale = Vector3(1, 1, 1)
bones/5/name = "Stalk1.L"
bones/5/parent = 4
bones/5/rest = Transform3D(1, 1.54783e-07, 8.13943e-08, -1.54783e-07, 1, 4.38886e-08, -8.13943e-08, -4.38886e-08, 1, 1.54432e-09, 0.100543, -3.67872e-08)
bones/5/enabled = true
bones/5/position = Vector3(0, 0, 0)
bones/5/rotation = Quaternion(0, 0, 0, 1)
bones/5/scale = Vector3(1, 1, 1)
bones/6/name = "Eye.L"
bones/6/parent = 5
bones/6/rest = Transform3D(0.999606, 0.0270187, -0.00752201, -0.0275642, 0.995945, -0.0856369, 0.00517771, 0.0858106, 0.996298, -2.29011e-09, 0.100543, -4.02797e-08)
bones/6/enabled = true
bones/6/position = Vector3(0, 0, 0)
bones/6/rotation = Quaternion(0, 0, 0, 1)
bones/6/scale = Vector3(1, 1, 1)
bones/7/name = "EyeCenter.L"
bones/7/parent = 6
bones/7/rest = Transform3D(0.98911, -0.00749677, 0.146989, -0.146993, 2.38419e-07, 0.989137, -0.00741538, -0.999972, -0.00110173, 0.00569856, 0.134216, 0.0029342)
bones/7/enabled = true
bones/7/position = Vector3(0, 0, 0)
bones/7/rotation = Quaternion(0, 0, 0, 1)
bones/7/scale = Vector3(1, 1, 1)
bones/8/name = "Stalk4.R"
bones/8/parent = 1
bones/8/rest = Transform3D(0.984805, 0.173026, 0.0148803, -2.78354e-05, 0.0858412, -0.996309, -0.173665, 0.981169, 0.0845417, 0.0776723, 0.157739, 0.2027)
bones/8/enabled = true
bones/8/position = Vector3(0, 0, 0)
bones/8/rotation = Quaternion(0, 0, 0, 1)
bones/8/scale = Vector3(1, 1, 1)
bones/9/name = "Stalk3.R"
bones/9/parent = 8
bones/9/rest = Transform3D(1, 8.90089e-08, -1.16543e-08, -8.90089e-08, 1, 3.27127e-08, 1.16543e-08, -3.27127e-08, 1, 3.55885e-09, 0.100543, -5.36675e-08)
bones/9/enabled = true
bones/9/position = Vector3(0, 0, 0)
bones/9/rotation = Quaternion(0, 0, 0, 1)
bones/9/scale = Vector3(1, 1, 1)
bones/10/name = "Stalk2.R"
bones/10/parent = 9
bones/10/rest = Transform3D(1, -5.45909e-08, 2.41271e-08, 5.45909e-08, 1, -2.36323e-08, -2.41271e-08, 2.36323e-08, 1, 2.51021e-09, 0.100543, -1.28057e-08)
bones/10/enabled = true
bones/10/position = Vector3(0, 0, 0)
bones/10/rotation = Quaternion(0, 0, 0, 1)
bones/10/scale = Vector3(1, 1, 1)
bones/11/name = "Stalk1.R"
bones/11/parent = 10
bones/11/rest = Transform3D(1, -8.58092e-08, -1.19961e-07, 8.58092e-08, 1, 4.37722e-08, 1.19961e-07, -4.37722e-08, 1, 1.60981e-09, 0.100543, -5.45988e-08)
bones/11/enabled = true
bones/11/position = Vector3(0, 0, 0)
bones/11/rotation = Quaternion(0, 0, 0, 1)
bones/11/scale = Vector3(1, 1, 1)
bones/12/name = "Eye.R"
bones/12/parent = 11
bones/12/rest = Transform3D(0.999606, -0.0270187, 0.00752201, 0.0275642, 0.995945, -0.0856369, -0.00517771, 0.0858106, 0.996298, 6.5429e-09, 0.100543, -3.49246e-09)
bones/12/enabled = true
bones/12/position = Vector3(0, 0, 0)
bones/12/rotation = Quaternion(0, 0, 0, 1)
bones/12/scale = Vector3(1, 1, 1)
bones/13/name = "EyeCenter.R"
bones/13/parent = 12
bones/13/rest = Transform3D(0.98911, 0.00749677, -0.146989, 0.146993, 2.38419e-07, 0.989137, 0.00741538, -0.999972, -0.00110173, -0.00303061, 0.134613, 0.00295423)
bones/13/enabled = true
bones/13/position = Vector3(0, 0, 0)
bones/13/rotation = Quaternion(0, 0, 0, 1)
bones/13/scale = Vector3(1, 1, 1)
bones/14/name = "EyeMainController"
bones/14/parent = 1
bones/14/rest = Transform3D(1, -1.56945e-43, 5.85619e-37, -1.56945e-43, 1, 5.34499e-07, -5.85619e-37, -5.34499e-07, 1, 0.0216394, 0.502939, 0.734361)
bones/14/enabled = true
bones/14/position = Vector3(0, 0, 0)
bones/14/rotation = Quaternion(0, 0, 0, 1)
bones/14/scale = Vector3(1, 1, 1)
bones/15/name = "EyeController.L"
bones/15/parent = 14
bones/15/rest = Transform3D(1, -1.56945e-43, -5.8565e-37, -1.56945e-43, 1, -5.34528e-07, 5.8565e-37, 5.34528e-07, 1, -0.18571, -0.0560609, -0.00346837)
bones/15/enabled = true
bones/15/position = Vector3(0, 0, 0)
bones/15/rotation = Quaternion(0, 0, 0, 1)
bones/15/scale = Vector3(1, 1, 1)
bones/16/name = "EyeController.R"
bones/16/parent = 14
bones/16/rest = Transform3D(1, -1.56945e-43, -5.8565e-37, -1.56945e-43, 1, -5.34528e-07, 5.8565e-37, 5.34528e-07, 1, 0.142431, -0.0560609, -0.00346837)
bones/16/enabled = true
bones/16/position = Vector3(0, 0, 0)
bones/16/rotation = Quaternion(0, 0, 0, 1)
bones/16/scale = Vector3(1, 1, 1)
bones/17/name = "StalkController.R"
bones/17/parent = 1
bones/17/rest = Transform3D(0.999972, -2.32831e-10, 0.00749676, 0.00749676, 1.19209e-07, -0.999972, -2.32831e-10, 1, 1.19209e-07, 0.16212, 0.192262, 0.6973)
bones/17/enabled = true
bones/17/position = Vector3(0, 0, 0)
bones/17/rotation = Quaternion(0, 0, 0, 1)
bones/17/scale = Vector3(1, 1, 1)
bones/18/name = "StalkController.L"
bones/18/parent = 1
bones/18/rest = Transform3D(0.999972, 2.32831e-10, -0.00749676, -0.00749676, 1.19209e-07, -0.999972, 2.32831e-10, 1, 1.19209e-07, -0.164817, 0.192262, 0.6973)
bones/18/enabled = true
bones/18/position = Vector3(0, 0, 0)
bones/18/rotation = Quaternion(0, 0, 0, 1)
bones/18/scale = Vector3(1, 1, 1)
bones/19/name = "Foot"
bones/19/parent = -1
bones/19/rest = Transform3D(-1, 0, 0, 0, 0, 1, 0, 1, 0, -6.67487e-17, 0.0493908, -0.0753158)
bones/19/enabled = true
bones/19/position = Vector3(0, 0, 0)
bones/19/rotation = Quaternion(0, 0, 0, 1)
bones/19/scale = Vector3(1, 1, 1)
bones/20/name = "Tail"
bones/20/parent = 19
bones/20/rest = Transform3D(1, 1.19785e-18, 0, -1.19785e-18, 1, 0, 0, 0, 1, 0, 0.3, 0)
bones/20/enabled = true
bones/20/position = Vector3(0, 0, 0)
bones/20/rotation = Quaternion(0, 0, 0, 1)
bones/20/scale = Vector3(1, 1, 1)
bones/21/name = "TailController"
bones/21/parent = -1
bones/21/rest = Transform3D(-1, 0, 0, 0, 0, 1, 0, 1, 0, -6.85454e-17, 0.0493908, 0.524684)
bones/21/enabled = true
bones/21/position = Vector3(0, 0, 0)
bones/21/rotation = Quaternion(0, 0, 0, 1)
bones/21/scale = Vector3(1, 1, 1)
bones/22/name = "HeadController"
bones/22/parent = -1
bones/22/rest = Transform3D(1, 1.07806e-17, 0, 0, 0, 1, 1.07806e-17, -1, 0, -1.33362e-16, 0.0493909, -0.623617)
bones/22/enabled = true
bones/22/position = Vector3(0, 0, 0)
bones/22/rotation = Quaternion(0, 0, 0, 1)
bones/22/scale = Vector3(1, 1, 1)
bones/23/name = "Mantle"
bones/23/parent = -1
bones/23/rest = Transform3D(1, 2.70234e-16, -2.70234e-16, -2.70234e-16, 1, 3.65133e-32, 2.70234e-16, 3.65133e-32, 1, -2.18294e-17, 0.251689, -0.0753158)
bones/23/enabled = true
bones/23/position = Vector3(0, 0, 0)
bones/23/rotation = Quaternion(0, 0, 0, 1)
bones/23/scale = Vector3(1, 1, 1)

[node name="EyeAnchor" type="BoneAttachment3D" parent="Armature/Skeleton3D"]
transform = Transform3D(1, 0, 0, 0, 0, 1, 0, -1, 0, 0.397249, 0.780981, -0.561497)
bone_name = "BoneEyeballRight"

[node name="HoldingPoint" type="Node3D" parent="Armature/Skeleton3D/EyeAnchor"]
unique_name_in_owner = true

[node name="BoneAttachment3D" type="BoneAttachment3D" parent="Armature/Skeleton3D"]
bone_name = "EyeCenter.L"
bone_idx = 7

[node name="EyeRight" type="MeshInstance3D" parent="Armature/Skeleton3D/BoneAttachment3D"]
unique_name_in_owner = true
transform = Transform3D(1, 3.8078e-06, 7.96219e-07, 7.96222e-07, -4.76837e-07, -0.999999, -3.8078e-06, 1, -4.76837e-07, 0.369818, -0.737042, -0.570603)
mesh = ExtResource("13")

[node name="BoneAttachment2" type="BoneAttachment3D" parent="Armature/Skeleton3D"]
bone_name = "EyeCenter.R"
bone_idx = 13

[node name="EyeLeft" type="MeshInstance3D" parent="Armature/Skeleton3D/BoneAttachment2"]
unique_name_in_owner = true
transform = Transform3D(1, -3.747e-06, -5.81117e-07, -5.81119e-07, -3.57628e-07, -0.999999, 3.747e-06, 1, -3.57627e-07, 0.0416807, -0.737043, -0.570601)
mesh = ExtResource("11")

[node name="Body" type="MeshInstance3D" parent="Armature/Skeleton3D"]
unique_name_in_owner = true
mesh = ExtResource("10")
skin = SubResource("36")

[node name="MeshInstance3D" type="MeshInstance3D" parent="Armature/Skeleton3D"]
unique_name_in_owner = true
mesh = ExtResource("12")
skin = SubResource("36")

[node name="Rays" type="Node3D" parent="Armature/Skeleton3D"]

[node name="RayFrontTop" type="RayCast3D" parent="Armature/Skeleton3D/Rays"]
transform = Transform3D(1, 0, 0, 0, -4.37114e-08, -1, 0, 1, -4.37114e-08, 0, 0.5, -0.25)
target_position = Vector3(0, -0.5, 0)
collision_mask = 12
debug_shape_custom_color = Color(0.898039, 0.752941, 0.184314, 1)

[node name="RayFrontBottom" type="RayCast3D" parent="Armature/Skeleton3D/Rays"]
transform = Transform3D(1, 0, 0, 0, -4.37114e-08, -1, 0, 1, -4.37114e-08, 0, 0, -0.25)
target_position = Vector3(0, -0.5, 0)
collision_mask = 12
debug_shape_custom_color = Color(0.866667, 0.576471, 0.121569, 1)

[node name="RayLedgeRight" type="RayCast3D" parent="Armature/Skeleton3D/Rays"]
transform = Transform3D(1, 0, 0, 0, 1, 0, 0, 0, 1, 0.3, 1, -0.5)
target_position = Vector3(0, -0.5, 0)
collision_mask = 12
debug_shape_custom_color = Color(0.905882, 0.509804, 0.129412, 1)

[node name="RayLedgeLeft" type="RayCast3D" parent="Armature/Skeleton3D/Rays"]
transform = Transform3D(1, 0, 0, 0, 1, 0, 0, 0, 1, -0.3, 1, -0.5)
target_position = Vector3(0, -0.5, 0)
collision_mask = 12
debug_shape_custom_color = Color(0.905882, 0.509804, 0.129412, 1)

[node name="RayBottom" type="RayCast3D" parent="Armature/Skeleton3D/Rays"]
transform = Transform3D(1, 0, 0, 0, 1, 0, 0, 0, 1, 0, 0.25, 0)
target_position = Vector3(0, -0.5, 0)
collision_mask = 12
debug_shape_custom_color = Color(0.219608, 0.792157, 0.215686, 1)

[node name="PlayerCollision" type="CollisionShape3D" parent="."]
transform = Transform3D(0.45, 0, 0, 0, 0.45, 0, 0, 0, 0.45, 0, 0, 0)
shape = SubResource("28")

[node name="AffectArea" type="Area3D" parent="."]
transform = Transform3D(1, 0, 0, 0, 1, 0, 0, 0, 1, 0, -0.42299, 0)

[node name="CollisionShape3D" type="CollisionShape3D" parent="AffectArea"]
transform = Transform3D(0.36, 0, 0, 0, 0.5, 0, 0, 0, 0.72, 0, 0.45, 0)
shape = SubResource("30")

[node name="Checkers" type="Node3D" parent="."]

[node name="ClimbingRays" type="Node3D" parent="Checkers"]
unique_name_in_owner = true

[node name="Ray" type="RayCast3D" parent="Checkers/ClimbingRays"]
target_position = Vector3(0, -0.7, 0)
collision_mask = 12
collide_with_areas = true
debug_shape_custom_color = Color(0.333333, 0.835294, 0.901961, 1)

[node name="Ray2" type="RayCast3D" parent="Checkers/ClimbingRays"]
transform = Transform3D(1, 0, 0, 0, 0.866025, -0.5, 0, 0.5, 0.866025, 0, 0, 0)
target_position = Vector3(0, -0.7, 0)
collision_mask = 12
collide_with_areas = true
debug_shape_custom_color = Color(0.333333, 0.835294, 0.901961, 1)

[node name="Ray3" type="RayCast3D" parent="Checkers/ClimbingRays"]
transform = Transform3D(1, 0, 0, 0, 0.5, -0.866025, 0, 0.866025, 0.5, 0, 0, 0)
target_position = Vector3(0, -0.7, 0)
collision_mask = 12
collide_with_areas = true
debug_shape_custom_color = Color(0.333333, 0.835294, 0.901961, 1)

[node name="Ray4" type="RayCast3D" parent="Checkers/ClimbingRays"]
transform = Transform3D(1, 0, 0, 0, 0, -1, 0, 1, 0, 0, 0, 0)
target_position = Vector3(0, -0.7, 0)
collision_mask = 12
collide_with_areas = true
debug_shape_custom_color = Color(0.333333, 0.835294, 0.901961, 1)

[node name="Ray5" type="RayCast3D" parent="Checkers/ClimbingRays"]
transform = Transform3D(1, 0, 0, 0, 0.866025, 0.5, 0, -0.5, 0.866025, 0, 0, 0)
target_position = Vector3(0, -0.7, 0)
collision_mask = 12
collide_with_areas = true
debug_shape_custom_color = Color(0.333333, 0.835294, 0.901961, 1)

[node name="Ray6" type="RayCast3D" parent="Checkers/ClimbingRays"]
transform = Transform3D(1, 0, 0, 0, 0.5, 0.866025, 0, -0.866025, 0.5, 0, 0, 0)
target_position = Vector3(0, -0.7, 0)
collision_mask = 12
collide_with_areas = true
debug_shape_custom_color = Color(0.333333, 0.835294, 0.901961, 1)

[node name="Ray7" type="RayCast3D" parent="Checkers/ClimbingRays"]
transform = Transform3D(1, 0, 0, 0, 8.74228e-08, 1, 0, -1, 8.74228e-08, 0, 0, 0)
target_position = Vector3(0, -0.7, 0)
collision_mask = 12
collide_with_areas = true
debug_shape_custom_color = Color(0.333333, 0.835294, 0.901961, 1)

[node name="Ray18" type="RayCast3D" parent="Checkers/ClimbingRays"]
transform = Transform3D(0.707107, 0.707107, 3.09086e-08, 0, -4.37114e-08, 1, 0.707107, -0.707107, -3.09086e-08, 0, 0, 0)
target_position = Vector3(0, -0.7, 0)
collision_mask = 12
collide_with_areas = true
debug_shape_custom_color = Color(0.333333, 0.835294, 0.901961, 1)

[node name="Ray19" type="RayCast3D" parent="Checkers/ClimbingRays"]
transform = Transform3D(0.707107, -0.707107, -3.09086e-08, 0, -4.37114e-08, 1, -0.707107, -0.707107, -3.09086e-08, 0, 0, 0)
target_position = Vector3(0, -0.7, 0)
collision_mask = 12
collide_with_areas = true
debug_shape_custom_color = Color(0.333333, 0.835294, 0.901961, 1)

[node name="Ray20" type="RayCast3D" parent="Checkers/ClimbingRays"]
transform = Transform3D(-0.707107, -0.707107, -3.09086e-08, 0, -4.37114e-08, 1, -0.707107, 0.707107, 3.09086e-08, 0, 0, 0)
target_position = Vector3(0, -0.7, 0)
collision_mask = 12
collide_with_areas = true
debug_shape_custom_color = Color(0.333333, 0.835294, 0.901961, 1)

[node name="Ray21" type="RayCast3D" parent="Checkers/ClimbingRays"]
transform = Transform3D(-0.707107, 0.707107, 3.09086e-08, 0, -4.37114e-08, 1, 0.707107, 0.707107, 3.09086e-08, 0, 0, 0)
target_position = Vector3(0, -0.7, 0)
collision_mask = 12
collide_with_areas = true
debug_shape_custom_color = Color(0.333333, 0.835294, 0.901961, 1)

[node name="Ray8" type="RayCast3D" parent="Checkers/ClimbingRays"]
transform = Transform3D(0.866025, -0.5, 0, 0.5, 0.866025, 0, 0, 0, 1, 0, 0, 0)
target_position = Vector3(0, -0.7, 0)
collision_mask = 12
collide_with_areas = true
debug_shape_custom_color = Color(0.333333, 0.835294, 0.901961, 1)

[node name="Ray9" type="RayCast3D" parent="Checkers/ClimbingRays"]
transform = Transform3D(0.866025, 0.5, 0, -0.5, 0.866025, 0, 0, 0, 1, 0, 0, 0)
target_position = Vector3(0, -0.7, 0)
collision_mask = 12
collide_with_areas = true
debug_shape_custom_color = Color(0.333333, 0.835294, 0.901961, 1)

[node name="Ray10" type="RayCast3D" parent="Checkers/ClimbingRays"]
transform = Transform3D(0.5, 0.866025, 0, -0.866025, 0.5, 0, 0, 0, 1, 0, 0, 0)
target_position = Vector3(0, -0.7, 0)
collision_mask = 12
collide_with_areas = true
debug_shape_custom_color = Color(0.333333, 0.835294, 0.901961, 1)

[node name="Ray11" type="RayCast3D" parent="Checkers/ClimbingRays"]
transform = Transform3D(0.5, -0.866025, 0, 0.866025, 0.5, 0, 0, 0, 1, 0, 0, 0)
target_position = Vector3(0, -0.7, 0)
collision_mask = 12
collide_with_areas = true
debug_shape_custom_color = Color(0.333333, 0.835294, 0.901961, 1)

[node name="Ray14" type="RayCast3D" parent="Checkers/ClimbingRays"]
transform = Transform3D(0.353553, -0.612372, 0.707107, 0.866025, 0.5, 0, -0.353553, 0.612372, 0.707107, 0, 0, 0)
target_position = Vector3(0, -0.7, 0)
collision_mask = 12
collide_with_areas = true
debug_shape_custom_color = Color(0.333333, 0.835294, 0.901961, 1)

[node name="Ray15" type="RayCast3D" parent="Checkers/ClimbingRays"]
transform = Transform3D(0.353553, -0.612372, -0.707107, 0.866025, 0.5, 0, 0.353553, -0.612372, 0.707107, 0, 0, 0)
target_position = Vector3(0, -0.7, 0)
collision_mask = 12
collide_with_areas = true
debug_shape_custom_color = Color(0.333333, 0.835294, 0.901961, 1)

[node name="Ray16" type="RayCast3D" parent="Checkers/ClimbingRays"]
transform = Transform3D(-0.353553, 0.612372, -0.707107, 0.866025, 0.5, 0, 0.353553, -0.612372, -0.707107, 0, 0, 0)
target_position = Vector3(0, -0.7, 0)
collision_mask = 12
collide_with_areas = true
debug_shape_custom_color = Color(0.333333, 0.835294, 0.901961, 1)

[node name="Ray17" type="RayCast3D" parent="Checkers/ClimbingRays"]
transform = Transform3D(-0.353553, 0.612372, 0.707107, 0.866025, 0.5, 0, -0.353553, 0.612372, -0.707107, 0, 0, 0)
target_position = Vector3(0, -0.7, 0)
collision_mask = 12
collide_with_areas = true
debug_shape_custom_color = Color(0.333333, 0.835294, 0.901961, 1)

[node name="Ray12" type="RayCast3D" parent="Checkers/ClimbingRays"]
transform = Transform3D(-4.37114e-08, -1, 0, 1, -4.37114e-08, 0, 0, 0, 1, 0, 0, 0)
target_position = Vector3(0, -0.7, 0)
collision_mask = 12
collide_with_areas = true
debug_shape_custom_color = Color(0.333333, 0.835294, 0.901961, 1)

[node name="Ray13" type="RayCast3D" parent="Checkers/ClimbingRays"]
transform = Transform3D(-4.37114e-08, 1, 0, -1, -4.37114e-08, 0, 0, 0, 1, 0, 0, 0)
target_position = Vector3(0, -0.7, 0)
collision_mask = 12
collide_with_areas = true
debug_shape_custom_color = Color(0.333333, 0.835294, 0.901961, 1)

[node name="Ray22" type="RayCast3D" parent="Checkers/ClimbingRays"]
transform = Transform3D(1, 0, 0, 0, -0.5, 0.866025, 0, -0.866025, -0.5, 0, 0, 0)
target_position = Vector3(0, -0.7, 0)
collision_mask = 12
collide_with_areas = true
debug_shape_custom_color = Color(0.333333, 0.835294, 0.901961, 1)

[node name="Ray23" type="RayCast3D" parent="Checkers/ClimbingRays"]
transform = Transform3D(1, 0, 0, 0, -0.5, -0.866025, 0, 0.866025, -0.5, 0, 0, 0)
target_position = Vector3(0, -0.7, 0)
collision_mask = 12
collide_with_areas = true
debug_shape_custom_color = Color(0.333333, 0.835294, 0.901961, 1)

[node name="Ray24" type="RayCast3D" parent="Checkers/ClimbingRays"]
transform = Transform3D(1, 0, 0, 0, -0.866025, 0.5, 0, -0.5, -0.866025, 0, 0, 0)
target_position = Vector3(0, -0.7, 0)
collision_mask = 12
collide_with_areas = true
debug_shape_custom_color = Color(0.333333, 0.835294, 0.901961, 1)

[node name="Ray25" type="RayCast3D" parent="Checkers/ClimbingRays"]
transform = Transform3D(1, 0, 0, 0, -0.866025, -0.5, 0, 0.5, -0.866025, 0, 0, 0)
target_position = Vector3(0, -0.7, 0)
collision_mask = 12
collide_with_areas = true
debug_shape_custom_color = Color(0.333333, 0.835294, 0.901961, 1)

[node name="Ray26" type="RayCast3D" parent="Checkers/ClimbingRays"]
transform = Transform3D(1, 0, 0, 0, -1, 8.74228e-08, 0, -8.74228e-08, -1, 0, 0, 0)
target_position = Vector3(0, -0.7, 0)
collision_mask = 12
collide_with_areas = true
debug_shape_custom_color = Color(0.333333, 0.835294, 0.901961, 1)

[node name="Ray27" type="RayCast3D" parent="Checkers/ClimbingRays"]
transform = Transform3D(0.866026, 0.5, -8.74228e-08, 0.5, -0.866025, 0, -7.57104e-08, -4.37114e-08, -1, 0, 0, 0)
target_position = Vector3(0, -0.7, 0)
collision_mask = 12
collide_with_areas = true
debug_shape_custom_color = Color(0.333333, 0.835294, 0.901961, 1)

[node name="Ray28" type="RayCast3D" parent="Checkers/ClimbingRays"]
transform = Transform3D(0.866026, -0.5, 8.74228e-08, -0.5, -0.866025, 0, 7.57104e-08, -4.37114e-08, -1, 0, 0, 0)
target_position = Vector3(0, -0.7, 0)
collision_mask = 12
collide_with_areas = true
debug_shape_custom_color = Color(0.333333, 0.835294, 0.901961, 1)

[node name="Ray29" type="RayCast3D" parent="Checkers/ClimbingRays"]
transform = Transform3D(0.5, -0.866025, -8.74228e-08, -0.866025, -0.5, 0, -4.37114e-08, 7.57103e-08, -1, 0, 0, 0)
target_position = Vector3(0, -0.7, 0)
collision_mask = 12
collide_with_areas = true
debug_shape_custom_color = Color(0.333333, 0.835294, 0.901961, 1)

[node name="Ray31" type="RayCast3D" parent="Checkers/ClimbingRays"]
transform = Transform3D(0.353553, -0.612372, -0.707107, -0.866025, -0.5, 0, -0.353553, 0.612372, -0.707107, 0, 0, 0)
target_position = Vector3(0, -0.7, 0)
collision_mask = 12
collide_with_areas = true
debug_shape_custom_color = Color(0.333333, 0.835294, 0.901961, 1)

[node name="Ray32" type="RayCast3D" parent="Checkers/ClimbingRays"]
transform = Transform3D(0.353553, -0.612372, 0.707107, -0.866025, -0.5, 0, 0.353553, -0.612372, -0.707107, 0, 0, 0)
target_position = Vector3(0, -0.7, 0)
collision_mask = 12
collide_with_areas = true
debug_shape_custom_color = Color(0.333333, 0.835294, 0.901961, 1)

[node name="Ray33" type="RayCast3D" parent="Checkers/ClimbingRays"]
transform = Transform3D(-0.353553, 0.612372, 0.707107, -0.866025, -0.5, 0, 0.353553, -0.612372, 0.707107, 0, 0, 0)
target_position = Vector3(0, -0.7, 0)
collision_mask = 12
collide_with_areas = true
debug_shape_custom_color = Color(0.333333, 0.835294, 0.901961, 1)

[node name="Ray34" type="RayCast3D" parent="Checkers/ClimbingRays"]
transform = Transform3D(-0.353553, 0.612372, -0.707107, -0.866025, -0.5, 0, -0.353553, 0.612372, 0.707107, 0, 0, 0)
target_position = Vector3(0, -0.7, 0)
collision_mask = 12
collide_with_areas = true
debug_shape_custom_color = Color(0.333333, 0.835294, 0.901961, 1)

[node name="Ray30" type="RayCast3D" parent="Checkers/ClimbingRays"]
transform = Transform3D(0.5, 0.866025, -8.74228e-08, 0.866025, -0.5, 0, -4.37114e-08, -7.57103e-08, -1, 0, 0, 0)
target_position = Vector3(0, -0.7, 0)
collision_mask = 12
collide_with_areas = true
debug_shape_custom_color = Color(0.333333, 0.835294, 0.901961, 1)

[node name="IK" type="Node3D" parent="."]
visible = false

[node name="EyeMainControl" type="Marker3D" parent="IK"]
transform = Transform3D(1, 0, 0, 0, 1, 0, 0, 0, 1, 0, 0.75, -0.9)
visible = false

[node name="Proximity" type="Area3D" parent="."]

[node name="CollisionShape3D" type="CollisionShape3D" parent="Proximity"]
transform = Transform3D(15, 0, 0, 0, 15, 0, 0, 0, 15, 0, 0, 0)
shape = SubResource("31")

[node name="DebugHealthBar" parent="." instance=ExtResource("1")]

[node name="AnimationPlayer" type="AnimationPlayer" parent="."]
callback_mode_process = 0
libraries = {
"": SubResource("AnimationLibrary_apnyq")
}
playback_default_blend_time = 0.2

[node name="Tween" type="Tween" parent="."]
_import_path = NodePath("")
unique_name_in_owner = false
process_mode = 0
process_priority = 0
process_physics_priority = 0
process_thread_group = 0
editor_description = ""
playback_process_mode = 0
script = null

[connection signal="body_entered" from="." to="." method="_on_Snail_body_entered"]
[connection signal="body_exited" from="." to="." method="_on_Snail_body_exited"]
[connection signal="area_entered" from="AffectArea" to="." method="_on_Area_area_entered"]
