[gd_scene load_steps=46 format=2]

[ext_resource path="res://source/scenes/interface/debug_healthbar.tscn" type="PackedScene" id=1]
[ext_resource path="res://source/scenes/entity/state_controller.tscn" type="PackedScene" id=2]
[ext_resource path="res://assets/resource/animation/SnailIdle.tres" type="Animation" id=3]
[ext_resource path="res://assets/resource/animation/SnailMove.tres" type="Animation" id=4]
[ext_resource path="res://assets/resource/animation/SnailHide.tres" type="Animation" id=5]
[ext_resource path="res://assets/materials/entity/snail_shell.tres" type="Material" id=6]
[ext_resource path="res://assets/materials/entity/snail_eyes.tres" type="Material" id=7]
[ext_resource path="res://assets/materials/entity/snail_body.tres" type="Material" id=8]
[ext_resource path="res://assets/resource/animation/ShellUnhide.tres" type="Animation" id=9]
[ext_resource path="res://assets/model/entity/snail_body.mesh" type="ArrayMesh" id=10]
[ext_resource path="res://assets/model/entity/snail_eye_left.mesh" type="ArrayMesh" id=11]
[ext_resource path="res://assets/model/entity/snail_shell_1.mesh" type="ArrayMesh" id=12]
[ext_resource path="res://assets/model/entity/snail_eye_right.mesh" type="ArrayMesh" id=13]
[ext_resource path="res://assets/resource/animation/SnailRollFront.tres" type="Animation" id=14]
[ext_resource path="res://assets/resource/animation/SnailHidden.tres" type="Animation" id=15]
[ext_resource path="res://assets/resource/animation/SnailFlip.tres" type="Animation" id=16]
[ext_resource path="res://assets/resource/animation/SnailRollBack.tres" type="Animation" id=17]
[ext_resource path="res://source/scripts/entity/snail/SnailStateJump.gd" type="Script" id=18]
[ext_resource path="res://source/scripts/entity/snail/SnailStateDodg.gd" type="Script" id=19]
[ext_resource path="res://source/scripts/entity/snail/SnailStateHide.gd" type="Script" id=20]
[ext_resource path="res://source/scripts/entity/snail/SnailStateMove.gd" type="Script" id=21]
[ext_resource path="res://source/scripts/entity/snail/SnailStateFall.gd" type="Script" id=22]
[ext_resource path="res://source/scripts/entity/snail/SnailStateRoll.gd" type="Script" id=23]
[ext_resource path="res://source/scripts/entity/snail/SnailStateIdle.gd" type="Script" id=24]
[ext_resource path="res://source/scripts/entity/snail/Snail.gd" type="Script" id=25]
[ext_resource path="res://assets/resource/animation/SnailFall.tres" type="Animation" id=26]
[ext_resource path="res://assets/resource/animation/SnailJump.tres" type="Animation" id=27]
[ext_resource path="res://source/scripts/entity/snail/SnailStateHang.gd" type="Script" id=28]
[ext_resource path="res://assets/resource/animation/SnailShimmyRight.tres" type="Animation" id=29]
[ext_resource path="res://assets/resource/animation/SnailShimmyLeft.tres" type="Animation" id=30]
[ext_resource path="res://assets/resource/animation/SnailLift.tres" type="Animation" id=31]
[ext_resource path="res://assets/resource/animation/SnailSpin.tres" type="Animation" id=32]
[ext_resource path="res://assets/resource/animation/SnailLedge.tres" type="Animation" id=33]
[ext_resource path="res://assets/resource/animation/SnailGrab.tres" type="Animation" id=34]
[ext_resource path="res://assets/resource/animation/SnailPush.tres" type="Animation" id=35]
[ext_resource path="res://source/scripts/entity/snail/SnailStatePush.gd" type="Script" id=36]
[ext_resource path="res://assets/resource/animation/SnailPress.tres" type="Animation" id=37]
[ext_resource path="res://assets/resource/identity/snail/snail.tres" type="Resource" id=38]


[sub_resource type="PhysicsMaterial" id=32]

[sub_resource type="Skin" id=36]
resource_name = "Skin"
bind_count = 24
bind/0/name = "Body"
bind/0/bone = -1
bind/0/pose = Transform( 1, 1.10291e-23, -2.22045e-16, -2.22045e-16, 9.93411e-08, -1, 1.10291e-23, 1, 9.93411e-08, 5.00252e-17, -0.0753159, -0.0493908 )
bind/1/name = "Head"
bind/1/bone = -1
bind/1/pose = Transform( 1, 0, -1.09564e-30, 1.09564e-30, 0, -1, 0, 1, 0, 1.33362e-16, -0.375316, -0.0493909 )
bind/2/name = "Stalk4.L"
bind/2/bone = -1
bind/2/pose = Transform( 0.984805, 0.173665, -2.78531e-05, -0.173026, 0.981169, -0.0858413, -0.0148803, 0.0845416, 0.996309, 0.0353542, -0.307008, 0.508579 )
bind/3/name = "Stalk3.L"
bind/3/bone = -1
bind/3/pose = Transform( 0.984805, 0.173665, -2.78717e-05, -0.173026, 0.981169, -0.0858413, -0.0148803, 0.0845416, 0.996309, 0.0353541, -0.407551, 0.508579 )
bind/4/name = "Stalk2.L"
bind/4/bone = -1
bind/4/pose = Transform( 0.984805, 0.173665, -2.78885e-05, -0.173026, 0.981169, -0.0858413, -0.0148803, 0.0845416, 0.996309, 0.0353541, -0.508095, 0.508579 )
bind/5/name = "Stalk1.L"
bind/5/bone = -1
bind/5/pose = Transform( 0.984805, 0.173665, -2.79564e-05, -0.173026, 0.981169, -0.0858414, -0.0148802, 0.0845416, 0.996309, 0.0353542, -0.608638, 0.508579 )
bind/6/name = "Eye.L"
bind/6/bone = -1
bind/6/pose = Transform( 0.98911, 0.146989, 0.0074968, -0.146993, 0.989138, -2.12225e-07, -0.00741538, -0.001102, 0.999972, 0.0575216, -0.661709, 0.567162 )
bind/7/name = "EyeCenter.L"
bind/7/bone = -1
bind/7/pose = Transform( 1, 1.225e-08, 4.65661e-09, -6.51929e-09, 4.3842e-07, -1, -7.87168e-08, 1, -2.67755e-08, 0.16407, -0.564601, -0.780284 )
bind/8/name = "Stalk4.R"
bind/8/bone = -1
bind/8/pose = Transform( 0.984805, -0.173665, 2.78531e-05, 0.173026, 0.981169, -0.0858413, 0.0148803, 0.0845416, 0.996309, -0.0326979, -0.306541, 0.508619 )
bind/9/name = "Stalk3.R"
bind/9/bone = -1
bind/9/pose = Transform( 0.984805, -0.173665, 2.78717e-05, 0.173026, 0.981169, -0.0858413, 0.0148803, 0.0845416, 0.996309, -0.0326978, -0.407085, 0.508619 )
bind/10/name = "Stalk2.R"
bind/10/bone = -1
bind/10/pose = Transform( 0.984805, -0.173665, 2.78428e-05, 0.173026, 0.981169, -0.0858413, 0.0148803, 0.0845416, 0.996309, -0.0326979, -0.507628, 0.508619 )
bind/11/name = "Stalk1.R"
bind/11/bone = -1
bind/11/pose = Transform( 0.984805, -0.173665, 2.79555e-05, 0.173026, 0.981169, -0.0858414, 0.0148802, 0.0845416, 0.996309, -0.0326979, -0.608171, 0.508619 )
bind/12/name = "Eye.R"
bind/12/bone = -1
bind/12/pose = Transform( 0.98911, -0.146989, -0.0074968, 0.146993, 0.989138, -2.12225e-07, 0.00741538, -0.001102, 0.999972, -0.0548536, -0.661313, 0.567182 )
bind/13/name = "EyeCenter.R"
bind/13/bone = -1
bind/13/pose = Transform( 1, -1.22473e-08, -4.65661e-10, 1.11759e-08, 4.38071e-07, -1, 7.87223e-08, 1, 3.72529e-09, -0.16407, -0.564601, -0.780284 )
bind/14/name = "EyeMainController"
bind/14/bone = -1
bind/14/pose = Transform( 1, -5.85619e-37, -1.09564e-30, 1.09564e-30, -5.34499e-07, -1, 1.17124e-36, 1, -5.34499e-07, -0.0216394, -0.878254, -0.783753 )
bind/15/name = "EyeController.L"
bind/15/bone = -1
bind/15/pose = Transform( 1, 3.13891e-41, -1.09564e-30, 1.09564e-30, 2.86491e-11, -1, -6.27782e-41, 1, 2.86491e-11, 0.16407, -0.822194, -0.780284 )
bind/16/name = "EyeController.R"
bind/16/bone = -1
bind/16/pose = Transform( 1, 3.13891e-41, -1.09564e-30, 1.09564e-30, 2.86491e-11, -1, -6.27782e-41, 1, 2.86491e-11, -0.16407, -0.822194, -0.780284 )
bind/17/name = "StalkController.R"
bind/17/bone = -1
bind/17/pose = Transform( 0.999972, 0, -0.00749676, 0, 1, 0, 0.00749676, 0, 0.999972, -0.16637, -0.746691, 0.566346 )
bind/18/name = "StalkController.L"
bind/18/bone = -1
bind/18/pose = Transform( 0.999972, 0, 0.00749676, 0, 1, 0, -0.00749676, 0, 0.999972, 0.169067, -0.746691, 0.566326 )
bind/19/name = "Foot"
bind/19/bone = -1
bind/19/pose = Transform( -1, 0, 0, 0, 0, 1, 0, 1, 0, -6.67487e-17, 0.0753158, -0.0493908 )
bind/20/name = "Tail"
bind/20/bone = -1
bind/20/pose = Transform( -1, 0, -1.19785e-18, -1.19785e-18, 0, 1, 0, 1, 0, -6.64795e-17, -0.224684, -0.0493908 )
bind/21/name = "TailController"
bind/21/bone = -1
bind/21/pose = Transform( -1, 0, 0, 0, 0, 1, 0, 1, 0, -6.85454e-17, -0.524684, -0.0493908 )
bind/22/name = "HeadController"
bind/22/bone = -1
bind/22/pose = Transform( 1, 0, 1.07806e-17, 1.07806e-17, 0, -1, 0, 1, 0, 1.40085e-16, -0.623617, -0.0493909 )
bind/23/name = "Mantle"
bind/23/bone = -1
bind/23/pose = Transform( 1, -2.70234e-16, 2.70234e-16, 2.70234e-16, 1, 7.30266e-32, -2.70234e-16, 7.30266e-32, 1, 1.10197e-16, -0.251689, 0.0753158 )

[sub_resource type="SphereShape" id=43]

[sub_resource type="BoxShape" id=30]

[sub_resource type="SphereShape" id=31]

[sub_resource type="Animation" id=41]
resource_name = "RESET"
tracks/0/type = "value"
tracks/0/path = NodePath("Armature:translation")
tracks/0/interp = 1
tracks/0/loop_wrap = true
tracks/0/imported = false
tracks/0/enabled = true
tracks/0/keys = {
"times": PoolRealArray( 0 ),
"transitions": PoolRealArray( 1 ),
"update": 0,
"values": [ Vector3( 0, -0.45, 0.05 ) ]
}
tracks/1/type = "value"
tracks/1/path = NodePath("Armature:rotation_degrees")
tracks/1/interp = 1
tracks/1/loop_wrap = true
tracks/1/imported = false
tracks/1/enabled = true
tracks/1/keys = {
"times": PoolRealArray( 0 ),
"transitions": PoolRealArray( 1 ),
"update": 0,
"values": [ Vector3( 0, 0, 0 ) ]
}

[sub_resource type="Animation" id=42]
resource_name = "SnailHang"
length = 0.1
loop = true
step = 0.01
tracks/0/type = "transform"
tracks/0/path = NodePath("Armature/Skeleton:EyeCenter.L")
tracks/0/interp = 1
tracks/0/loop_wrap = true
tracks/0/imported = false
tracks/0/enabled = true
tracks/0/keys = PoolRealArray( 0, 1, 9.31323e-10, -4.49363e-08, -2.98023e-08, 0.00800093, 8.79019e-09, -0.0112101, 0.999905, 1, 1, 1 )
tracks/1/type = "transform"
tracks/1/path = NodePath("Armature/Skeleton:Eye.L")
tracks/1/interp = 1
tracks/1/loop_wrap = true
tracks/1/imported = false
tracks/1/enabled = true
tracks/1/keys = PoolRealArray(  )
tracks/2/type = "transform"
tracks/2/path = NodePath("Armature/Skeleton:Stalk1.L")
tracks/2/interp = 1
tracks/2/loop_wrap = true
tracks/2/imported = false
tracks/2/enabled = true
tracks/2/keys = PoolRealArray( 0, 1, 6.52961e-09, -1.49012e-08, 4.59841e-08, 0.0534974, -0.00057253, -0.00596242, 0.99855, 1, 1, 1 )
tracks/3/type = "transform"
tracks/3/path = NodePath("Armature/Skeleton:Stalk2.L")
tracks/3/interp = 1
tracks/3/loop_wrap = true
tracks/3/imported = false
tracks/3/enabled = true
tracks/3/keys = PoolRealArray( 0, 1, -1.07775e-08, 2.23517e-08, 6.82789e-08, 0.0366743, -0.000393421, -0.00178529, 0.999326, 1, 1, 1 )
tracks/4/type = "transform"
tracks/4/path = NodePath("Armature/Skeleton:Stalk3.L")
tracks/4/interp = 1
tracks/4/loop_wrap = true
tracks/4/imported = false
tracks/4/enabled = true
tracks/4/keys = PoolRealArray( 0, 1, -2.76357e-09, -6.70552e-08, 1.55013e-08, -0.00112604, -0.000337594, 0.00317816, 0.999994, 1, 1, 1 )
tracks/5/type = "transform"
tracks/5/path = NodePath("Armature/Skeleton:Stalk4.L")
tracks/5/interp = 1
tracks/5/loop_wrap = true
tracks/5/imported = false
tracks/5/enabled = true
tracks/5/keys = PoolRealArray( 0, 1, -0.00158681, -0.0282954, -0.00360397, -0.0492051, -0.000597021, 0.00509737, 0.998776, 1, 1, 1 )
tracks/6/type = "transform"
tracks/6/path = NodePath("Armature/Skeleton:EyeCenter.R")
tracks/6/interp = 1
tracks/6/loop_wrap = true
tracks/6/imported = false
tracks/6/enabled = true
tracks/6/keys = PoolRealArray( 0, 1, 0, -1.04308e-07, 5.96046e-08, 0.00602392, 1.41888e-09, 0.00813284, 0.999949, 1, 1, 1 )
tracks/7/type = "transform"
tracks/7/path = NodePath("Armature/Skeleton:Eye.R")
tracks/7/interp = 1
tracks/7/loop_wrap = true
tracks/7/imported = false
tracks/7/enabled = true
tracks/7/keys = PoolRealArray( 0, 1, -2.95695e-08, -2.23517e-08, 3.44589e-08, 0.0315893, 1.25523e-05, 0.00589146, 0.999484, 1, 1, 1 )
tracks/8/type = "transform"
tracks/8/path = NodePath("Armature/Skeleton:Stalk1.R")
tracks/8/interp = 1
tracks/8/loop_wrap = true
tracks/8/imported = false
tracks/8/enabled = true
tracks/8/keys = PoolRealArray( 0, 1, 1.11681e-08, 8.19564e-08, 5.89708e-08, 0.0542093, 0.00033208, 0.0103441, 0.998476, 1, 1, 1 )
tracks/9/type = "transform"
tracks/9/path = NodePath("Armature/Skeleton:Stalk2.R")
tracks/9/interp = 1
tracks/9/loop_wrap = true
tracks/9/imported = false
tracks/9/enabled = true
tracks/9/keys = PoolRealArray( 0, 1, -1.16247e-08, 4.47035e-08, 3.47952e-08, 0.0371807, 0.000207122, 0.00562761, 0.999293, 1, 1, 1 )
tracks/10/type = "transform"
tracks/10/path = NodePath("Armature/Skeleton:Stalk3.R")
tracks/10/interp = 1
tracks/10/loop_wrap = true
tracks/10/imported = false
tracks/10/enabled = true
tracks/10/keys = PoolRealArray( 0, 1, -2.48999e-09, 0, 1.80159e-08, -0.00134276, 0.0001723, -0.00151997, 0.999998, 1, 1, 1 )
tracks/11/type = "transform"
tracks/11/path = NodePath("Armature/Skeleton:Stalk4.R")
tracks/11/interp = 1
tracks/11/loop_wrap = true
tracks/11/imported = false
tracks/11/enabled = true
tracks/11/keys = PoolRealArray( 0, 1, 0.00825747, -0.0271234, -0.0035032, -0.0504478, 0.000334611, -0.00405304, 0.998718, 1, 1, 1 )
tracks/12/type = "transform"
tracks/12/path = NodePath("Armature/Skeleton:EyeController.L")
tracks/12/interp = 1
tracks/12/loop_wrap = true
tracks/12/imported = false
tracks/12/enabled = true
tracks/12/keys = PoolRealArray(  )
tracks/13/type = "transform"
tracks/13/path = NodePath("Armature/Skeleton:EyeController.R")
tracks/13/interp = 1
tracks/13/loop_wrap = true
tracks/13/imported = false
tracks/13/enabled = true
tracks/13/keys = PoolRealArray(  )
tracks/14/type = "transform"
tracks/14/path = NodePath("Armature/Skeleton:EyeMainController")
tracks/14/interp = 1
tracks/14/loop_wrap = true
tracks/14/imported = false
tracks/14/enabled = true
tracks/14/keys = PoolRealArray(  )
tracks/15/type = "transform"
tracks/15/path = NodePath("Armature/Skeleton:StalkController.R")
tracks/15/interp = 1
tracks/15/loop_wrap = true
tracks/15/imported = false
tracks/15/enabled = true
tracks/15/keys = PoolRealArray( 0, 1, 2.24113e-05, -0.0282716, -0.00410503, 5.96039e-08, 2.32831e-10, 1.16415e-10, 1, 1, 1, 1 )
tracks/16/type = "transform"
tracks/16/path = NodePath("Armature/Skeleton:StalkController.L")
tracks/16/interp = 1
tracks/16/loop_wrap = true
tracks/16/imported = false
tracks/16/enabled = true
tracks/16/keys = PoolRealArray( 0, 1, -0.000409842, -0.0282716, -0.00351441, 5.96039e-08, -2.32831e-10, -1.16415e-10, 1, 1, 1, 1 )
tracks/17/type = "transform"
tracks/17/path = NodePath("Armature/Skeleton:Head")
tracks/17/interp = 1
tracks/17/loop_wrap = true
tracks/17/imported = false
tracks/17/enabled = true
tracks/17/keys = PoolRealArray( 0, 1, 1.98523e-23, 2.98023e-08, 8.87352e-09, -0.474104, -5.04705e-17, -3.35569e-15, 0.880469, 1, 1, 1 )
tracks/18/type = "transform"
tracks/18/path = NodePath("Armature/Skeleton:Body")
tracks/18/interp = 1
tracks/18/loop_wrap = true
tracks/18/imported = false
tracks/18/enabled = true
tracks/18/keys = PoolRealArray( 0, 1, -5.88402e-18, -0.0586316, -0.15239, 0.354658, -2.14465e-16, 1.73478e-15, 0.934996, 1, 1, 1 )
tracks/19/type = "transform"
tracks/19/path = NodePath("Armature/Skeleton:Tail")
tracks/19/interp = 1
tracks/19/loop_wrap = true
tracks/19/imported = false
tracks/19/enabled = true
tracks/19/keys = PoolRealArray( 0, 1, -1.3726e-23, 0, -6.12603e-09, -0.00264352, 2.75312e-18, -1.20889e-18, 0.999997, 1, 1, 1 )
tracks/20/type = "transform"
tracks/20/path = NodePath("Armature/Skeleton:Foot")
tracks/20/interp = 1
tracks/20/loop_wrap = true
tracks/20/imported = false
tracks/20/enabled = true
tracks/20/keys = PoolRealArray( 0, 1, 6.17652e-18, 0.0654373, -0.203082, -0.654183, -3.51184e-17, -7.00205e-17, 0.756337, 1.06476, 1.02307, 1.01783 )
tracks/21/type = "transform"
tracks/21/path = NodePath("Armature/Skeleton:TailController")
tracks/21/interp = 1
tracks/21/loop_wrap = true
tracks/21/imported = false
tracks/21/enabled = true
tracks/21/keys = PoolRealArray( 0, 1, 1.00435e-16, -0.440102, -0.86315, -0.158951, -1.4597e-17, 1.04729e-25, 0.987286, 1, 1, 1 )
tracks/22/type = "transform"
tracks/22/path = NodePath("Armature/Skeleton:HeadController")
tracks/22/interp = 1
tracks/22/loop_wrap = true
tracks/22/imported = false
tracks/22/enabled = true
tracks/22/keys = PoolRealArray( 0, 1, -3.12624e-18, -0.0927429, -0.0313773, 0.158951, 1.53057e-17, 1.04729e-25, 0.987286, 1, 1, 1 )
tracks/23/type = "transform"
tracks/23/path = NodePath("Armature/Skeleton:Mantle")
tracks/23/interp = 1
tracks/23/loop_wrap = true
tracks/23/imported = false
tracks/23/enabled = true
tracks/23/keys = PoolRealArray(  )
tracks/24/type = "value"
tracks/24/path = NodePath("Armature:translation")
tracks/24/interp = 1
tracks/24/loop_wrap = true
tracks/24/imported = false
tracks/24/enabled = true
tracks/24/keys = {
"times": PoolRealArray( 0 ),
"transitions": PoolRealArray( 1 ),
"update": 0,
"values": [ Vector3( 0, -0.45, 0.05 ) ]
}
tracks/25/type = "value"
tracks/25/path = NodePath("Armature:rotation_degrees")
tracks/25/interp = 1
tracks/25/loop_wrap = true
tracks/25/imported = false
tracks/25/enabled = true
tracks/25/keys = {
"times": PoolRealArray( 0 ),
"transitions": PoolRealArray( 1 ),
"update": 0,
"values": [ Vector3( 0, 0, 0 ) ]
}

[node name="Snail" type="RigidBody"]
collision_mask = 13
mode = 2
mass = 0.2
physics_material_override = SubResource( 32 )
gravity_scale = 0.0
continuous_cd = true
contacts_reported = 1
contact_monitor = true
can_sleep = false
script = ExtResource( 25 )
identity = ExtResource( 38 )

[node name="StateController" parent="." instance=ExtResource( 2 )]

[node name="Idle" type="Node" parent="StateController"]
script = ExtResource( 24 )

[node name="Move" type="Node" parent="StateController"]
script = ExtResource( 21 )

[node name="Jump" type="Node" parent="StateController"]
script = ExtResource( 18 )

[node name="Fall" type="Node" parent="StateController"]
script = ExtResource( 22 )

[node name="Hide" type="Node" parent="StateController"]
script = ExtResource( 20 )

[node name="Roll" type="Node" parent="StateController"]
script = ExtResource( 23 )

[node name="Dodg" type="Node" parent="StateController"]
script = ExtResource( 19 )

[node name="Hang" type="Node" parent="StateController"]
script = ExtResource( 28 )

[node name="Push" type="Node" parent="StateController"]
script = ExtResource( 36 )

[node name="Armature" type="Spatial" parent="."]
transform = Transform( 1, 0, 0, 0, 1, 0, 0, 0, 1, 0, -0.45, 0.05 )

[node name="Skeleton" type="Skeleton" parent="Armature"]
bones/0/name = "Body"
bones/0/parent = -1
bones/0/rest = Transform( 1, -2.22045e-16, 0, 0, 0, 1, -2.22045e-16, -1, 0, -6.67487e-17, 0.0493908, -0.0753158 )
bones/0/enabled = true
bones/0/bound_children = [  ]
bones/1/name = "Head"
bones/1/parent = 0
bones/1/rest = Transform( 1, 2.22045e-16, 1.10291e-23, -2.22045e-16, 1, 9.93411e-08, 1.10291e-23, -9.93411e-08, 1, 5.44735e-25, 0.3, -3.1374e-11 )
bones/1/enabled = true
bones/1/bound_children = [  ]
bones/2/name = "Stalk4.L"
bones/2/parent = 1
bones/2/rest = Transform( 0.984805, -0.173026, -0.0148803, 2.78354e-05, 0.0858412, -0.996309, 0.173665, 0.981169, 0.0845417, -0.0803696, 0.157739, 0.2027 )
bones/2/enabled = true
bones/2/bound_children = [  ]
bones/3/name = "Stalk3.L"
bones/3/parent = 2
bones/3/rest = Transform( 1, -8.90089e-08, 1.16543e-08, 8.90089e-08, 1, 3.27127e-08, -1.16543e-08, -3.27127e-08, 1, 1.66438e-10, 0.100543, -3.08501e-08 )
bones/3/enabled = true
bones/3/bound_children = [  ]
bones/4/name = "Stalk2.L"
bones/4/parent = 3
bones/4/rest = Transform( 1, -2.19004e-08, 1.61481e-08, 2.19004e-08, 1, -2.38651e-08, -1.61481e-08, 2.38651e-08, 1, 1.21508e-09, 0.100543, 1.00117e-08 )
bones/4/enabled = true
bones/4/bound_children = [  ]
bones/5/name = "Stalk1.L"
bones/5/parent = 4
bones/5/rest = Transform( 1, 1.54783e-07, 8.13943e-08, -1.54783e-07, 1, 4.38886e-08, -8.13943e-08, -4.38886e-08, 1, 1.54432e-09, 0.100543, -3.67872e-08 )
bones/5/enabled = true
bones/5/bound_children = [  ]
bones/6/name = "Eye.L"
bones/6/parent = 5
bones/6/rest = Transform( 0.999606, 0.0270187, -0.00752201, -0.0275642, 0.995945, -0.0856369, 0.00517771, 0.0858106, 0.996298, -2.29011e-09, 0.100543, -4.02797e-08 )
bones/6/enabled = true
bones/6/bound_children = [  ]
bones/7/name = "EyeCenter.L"
bones/7/parent = 6
bones/7/rest = Transform( 0.98911, -0.00749677, 0.146989, -0.146993, 2.38419e-07, 0.989137, -0.00741538, -0.999972, -0.00110173, 0.00569856, 0.134216, 0.0029342 )
bones/7/enabled = true
bones/7/bound_children = [  ]
bones/8/name = "Stalk4.R"
bones/8/parent = 1
bones/8/rest = Transform( 0.984805, 0.173026, 0.0148803, -2.78354e-05, 0.0858412, -0.996309, -0.173665, 0.981169, 0.0845417, 0.0776723, 0.157739, 0.2027 )
bones/8/enabled = true
bones/8/bound_children = [  ]
bones/9/name = "Stalk3.R"
bones/9/parent = 8
bones/9/rest = Transform( 1, 8.90089e-08, -1.16543e-08, -8.90089e-08, 1, 3.27127e-08, 1.16543e-08, -3.27127e-08, 1, 3.55885e-09, 0.100543, -5.36675e-08 )
bones/9/enabled = true
bones/9/bound_children = [  ]
bones/10/name = "Stalk2.R"
bones/10/parent = 9
bones/10/rest = Transform( 1, -5.45909e-08, 2.41271e-08, 5.45909e-08, 1, -2.36323e-08, -2.41271e-08, 2.36323e-08, 1, 2.51021e-09, 0.100543, -1.28057e-08 )
bones/10/enabled = true
bones/10/bound_children = [  ]
bones/11/name = "Stalk1.R"
bones/11/parent = 10
bones/11/rest = Transform( 1, -8.58092e-08, -1.19961e-07, 8.58092e-08, 1, 4.37722e-08, 1.19961e-07, -4.37722e-08, 1, 1.60981e-09, 0.100543, -5.45988e-08 )
bones/11/enabled = true
bones/11/bound_children = [  ]
bones/12/name = "Eye.R"
bones/12/parent = 11
bones/12/rest = Transform( 0.999606, -0.0270187, 0.00752201, 0.0275642, 0.995945, -0.0856369, -0.00517771, 0.0858106, 0.996298, 6.5429e-09, 0.100543, -3.49246e-09 )
bones/12/enabled = true
bones/12/bound_children = [  ]
bones/13/name = "EyeCenter.R"
bones/13/parent = 12
bones/13/rest = Transform( 0.98911, 0.00749677, -0.146989, 0.146993, 2.38419e-07, 0.989137, 0.00741538, -0.999972, -0.00110173, -0.00303061, 0.134613, 0.00295423 )
bones/13/enabled = true
bones/13/bound_children = [  ]
bones/14/name = "EyeMainController"
bones/14/parent = 1
bones/14/rest = Transform( 1, -1.56945e-43, 5.85619e-37, -1.56945e-43, 1, 5.34499e-07, -5.85619e-37, -5.34499e-07, 1, 0.0216394, 0.502939, 0.734361 )
bones/14/enabled = true
bones/14/bound_children = [  ]
bones/15/name = "EyeController.L"
bones/15/parent = 14
bones/15/rest = Transform( 1, -1.56945e-43, -5.8565e-37, -1.56945e-43, 1, -5.34528e-07, 5.8565e-37, 5.34528e-07, 1, -0.18571, -0.0560609, -0.00346837 )
bones/15/enabled = true
bones/15/bound_children = [  ]
bones/16/name = "EyeController.R"
bones/16/parent = 14
bones/16/rest = Transform( 1, -1.56945e-43, -5.8565e-37, -1.56945e-43, 1, -5.34528e-07, 5.8565e-37, 5.34528e-07, 1, 0.142431, -0.0560609, -0.00346837 )
bones/16/enabled = true
bones/16/bound_children = [  ]
bones/17/name = "StalkController.R"
bones/17/parent = 1
bones/17/rest = Transform( 0.999972, -2.32831e-10, 0.00749676, 0.00749676, 1.19209e-07, -0.999972, -2.32831e-10, 1, 1.19209e-07, 0.16212, 0.192262, 0.6973 )
bones/17/enabled = true
bones/17/bound_children = [  ]
bones/18/name = "StalkController.L"
bones/18/parent = 1
bones/18/rest = Transform( 0.999972, 2.32831e-10, -0.00749676, -0.00749676, 1.19209e-07, -0.999972, 2.32831e-10, 1, 1.19209e-07, -0.164817, 0.192262, 0.6973 )
bones/18/enabled = true
bones/18/bound_children = [  ]
bones/19/name = "Foot"
bones/19/parent = -1
bones/19/rest = Transform( -1, 0, 0, 0, 0, 1, 0, 1, 0, -6.67487e-17, 0.0493908, -0.0753158 )
bones/19/enabled = true
bones/19/bound_children = [  ]
bones/20/name = "Tail"
bones/20/parent = 19
bones/20/rest = Transform( 1, 1.19785e-18, 0, -1.19785e-18, 1, 0, 0, 0, 1, 0, 0.3, 0 )
bones/20/enabled = true
bones/20/bound_children = [  ]
bones/21/name = "TailController"
bones/21/parent = -1
bones/21/rest = Transform( -1, 0, 0, 0, 0, 1, 0, 1, 0, -6.85454e-17, 0.0493908, 0.524684 )
bones/21/enabled = true
bones/21/bound_children = [  ]
bones/22/name = "HeadController"
bones/22/parent = -1
bones/22/rest = Transform( 1, 1.07806e-17, 0, 0, 0, 1, 1.07806e-17, -1, 0, -1.33362e-16, 0.0493909, -0.623617 )
bones/22/enabled = true
bones/22/bound_children = [  ]
bones/23/name = "Mantle"
bones/23/parent = -1
bones/23/rest = Transform( 1, 2.70234e-16, -2.70234e-16, -2.70234e-16, 1, 3.65133e-32, 2.70234e-16, 3.65133e-32, 1, -2.18294e-17, 0.251689, -0.0753158 )
bones/23/enabled = true
bones/23/bound_children = [  ]

[node name="EyeAnchor" type="BoneAttachment" parent="Armature/Skeleton"]
transform = Transform( 1, 0, 0, 0, 0, 1, 0, -1, 0, 0.397249, 0.780981, -0.561497 )
bone_name = "BoneEyeballRight"

[node name="HoldingPoint" type="Spatial" parent="Armature/Skeleton/EyeAnchor"]
unique_name_in_owner = true

[node name="BoneAttachment" type="BoneAttachment" parent="Armature/Skeleton"]
transform = Transform( 1, 5.54137e-08, 7.8463e-08, 3.61168e-07, -5.86733e-08, 0.999999, 8.3819e-09, -1, 1.07917e-07, -0.16407, 0.780282, -0.564601 )
bone_name = "EyeCenter.L"

[node name="EyeRight" type="MeshInstance" parent="Armature/Skeleton/BoneAttachment"]
unique_name_in_owner = true
transform = Transform( 1, 3.8078e-06, 7.96219e-07, 7.96222e-07, -4.76837e-07, -0.999999, -3.8078e-06, 1, -4.76837e-07, 0.369818, -0.737042, -0.570603 )
mesh = ExtResource( 13 )
material/0 = ExtResource( 7 )

[node name="BoneAttachment2" type="BoneAttachment" parent="Armature/Skeleton"]
transform = Transform( 1, -5.82077e-08, -9.33669e-08, -3.31365e-07, -5.84405e-08, 0.999999, -1.11759e-08, -1, 1.08383e-07, 0.16407, 0.780282, -0.564601 )
bone_name = "EyeCenter.R"

[node name="EyeLeft" type="MeshInstance" parent="Armature/Skeleton/BoneAttachment2"]
unique_name_in_owner = true
transform = Transform( 1, -3.747e-06, -5.81117e-07, -5.81119e-07, -3.57628e-07, -0.999999, 3.747e-06, 1, -3.57627e-07, 0.0416807, -0.737043, -0.570601 )
mesh = ExtResource( 11 )
material/0 = ExtResource( 7 )

[node name="Body" type="MeshInstance" parent="Armature/Skeleton"]
unique_name_in_owner = true
mesh = ExtResource( 10 )
skin = SubResource( 36 )
material/0 = ExtResource( 8 )

[node name="MeshInstance" type="MeshInstance" parent="Armature/Skeleton"]
unique_name_in_owner = true
mesh = ExtResource( 12 )
skin = SubResource( 36 )
material/0 = ExtResource( 6 )
material/1 = ExtResource( 8 )

[node name="Rays" type="Spatial" parent="Armature/Skeleton"]

[node name="RayFrontTop" type="RayCast" parent="Armature/Skeleton/Rays"]
transform = Transform( 1, 0, 0, 0, -4.37114e-08, -1, 0, 1, -4.37114e-08, 0, 0.5, -0.25 )
enabled = true
cast_to = Vector3( 0, -0.5, 0 )
collision_mask = 12
debug_shape_custom_color = Color( 0.898039, 0.752941, 0.184314, 1 )

[node name="RayFrontBottom" type="RayCast" parent="Armature/Skeleton/Rays"]
transform = Transform( 1, 0, 0, 0, -4.37114e-08, -1, 0, 1, -4.37114e-08, 0, 0, -0.25 )
enabled = true
cast_to = Vector3( 0, -0.5, 0 )
collision_mask = 12
debug_shape_custom_color = Color( 0.866667, 0.576471, 0.121569, 1 )

[node name="RayLedgeRight" type="RayCast" parent="Armature/Skeleton/Rays"]
transform = Transform( 1, 0, 0, 0, 1, 0, 0, 0, 1, 0.3, 1, -0.5 )
enabled = true
cast_to = Vector3( 0, -0.5, 0 )
collision_mask = 12
debug_shape_custom_color = Color( 0.905882, 0.509804, 0.129412, 1 )

[node name="RayLedgeLeft" type="RayCast" parent="Armature/Skeleton/Rays"]
transform = Transform( 1, 0, 0, 0, 1, 0, 0, 0, 1, -0.3, 1, -0.5 )
enabled = true
cast_to = Vector3( 0, -0.5, 0 )
collision_mask = 12
debug_shape_custom_color = Color( 0.905882, 0.509804, 0.129412, 1 )

[node name="RayBottom" type="RayCast" parent="Armature/Skeleton/Rays"]
transform = Transform( 1, 0, 0, 0, 1, 0, 0, 0, 1, 0, 0.25, 0 )
enabled = true
cast_to = Vector3( 0, -0.5, 0 )
collision_mask = 12
debug_shape_custom_color = Color( 0.219608, 0.792157, 0.215686, 1 )

[node name="CollisionShape" type="CollisionShape" parent="."]
transform = Transform( 0.45, 0, 0, 0, 0.5, 0, 0, 0, 0.65, 0, -0.02, 0 )
shape = SubResource( 43 )

[node name="AffectArea" type="Area" parent="."]
transform = Transform( 1, 0, 0, 0, 1, 0, 0, 0, 1, 0, -0.42299, 0 )

[node name="CollisionShape" type="CollisionShape" parent="AffectArea"]
transform = Transform( 0.36, 0, 0, 0, 0.5, 0, 0, 0, 0.72, 0, 0.45, 0 )
shape = SubResource( 30 )

[node name="Checkers" type="Spatial" parent="."]

[node name="ClimbingRays" type="Spatial" parent="Checkers"]
unique_name_in_owner = true

[node name="Ray" type="RayCast" parent="Checkers/ClimbingRays"]
enabled = true
cast_to = Vector3( 0, -0.7, 0 )
collision_mask = 12
collide_with_areas = true
debug_shape_custom_color = Color( 0.333333, 0.835294, 0.901961, 1 )

[node name="Ray2" type="RayCast" parent="Checkers/ClimbingRays"]
transform = Transform( 1, 0, 0, 0, 0.866025, -0.5, 0, 0.5, 0.866025, 0, 0, 0 )
enabled = true
cast_to = Vector3( 0, -0.7, 0 )
collision_mask = 12
collide_with_areas = true
debug_shape_custom_color = Color( 0.333333, 0.835294, 0.901961, 1 )

[node name="Ray3" type="RayCast" parent="Checkers/ClimbingRays"]
transform = Transform( 1, 0, 0, 0, 0.5, -0.866025, 0, 0.866025, 0.5, 0, 0, 0 )
enabled = true
cast_to = Vector3( 0, -0.7, 0 )
collision_mask = 12
collide_with_areas = true
debug_shape_custom_color = Color( 0.333333, 0.835294, 0.901961, 1 )

[node name="Ray4" type="RayCast" parent="Checkers/ClimbingRays"]
transform = Transform( 1, 0, 0, 0, 0, -1, 0, 1, 0, 0, 0, 0 )
enabled = true
cast_to = Vector3( 0, -0.7, 0 )
collision_mask = 12
collide_with_areas = true
debug_shape_custom_color = Color( 0.333333, 0.835294, 0.901961, 1 )

[node name="Ray5" type="RayCast" parent="Checkers/ClimbingRays"]
transform = Transform( 1, 0, 0, 0, 0.866025, 0.5, 0, -0.5, 0.866025, 0, 0, 0 )
enabled = true
cast_to = Vector3( 0, -0.7, 0 )
collision_mask = 12
collide_with_areas = true
debug_shape_custom_color = Color( 0.333333, 0.835294, 0.901961, 1 )

[node name="Ray6" type="RayCast" parent="Checkers/ClimbingRays"]
transform = Transform( 1, 0, 0, 0, 0.5, 0.866025, 0, -0.866025, 0.5, 0, 0, 0 )
enabled = true
cast_to = Vector3( 0, -0.7, 0 )
collision_mask = 12
collide_with_areas = true
debug_shape_custom_color = Color( 0.333333, 0.835294, 0.901961, 1 )

[node name="Ray7" type="RayCast" parent="Checkers/ClimbingRays"]
transform = Transform( 1, 0, 0, 0, 8.74228e-08, 1, 0, -1, 8.74228e-08, 0, 0, 0 )
enabled = true
cast_to = Vector3( 0, -0.7, 0 )
collision_mask = 12
collide_with_areas = true
debug_shape_custom_color = Color( 0.333333, 0.835294, 0.901961, 1 )

[node name="Ray18" type="RayCast" parent="Checkers/ClimbingRays"]
transform = Transform( 0.707107, 0.707107, 3.09086e-08, 0, -4.37114e-08, 1, 0.707107, -0.707107, -3.09086e-08, 0, 0, 0 )
enabled = true
cast_to = Vector3( 0, -0.7, 0 )
collision_mask = 12
collide_with_areas = true
debug_shape_custom_color = Color( 0.333333, 0.835294, 0.901961, 1 )

[node name="Ray19" type="RayCast" parent="Checkers/ClimbingRays"]
transform = Transform( 0.707107, -0.707107, -3.09086e-08, 0, -4.37114e-08, 1, -0.707107, -0.707107, -3.09086e-08, 0, 0, 0 )
enabled = true
cast_to = Vector3( 0, -0.7, 0 )
collision_mask = 12
collide_with_areas = true
debug_shape_custom_color = Color( 0.333333, 0.835294, 0.901961, 1 )

[node name="Ray20" type="RayCast" parent="Checkers/ClimbingRays"]
transform = Transform( -0.707107, -0.707107, -3.09086e-08, 0, -4.37114e-08, 1, -0.707107, 0.707107, 3.09086e-08, 0, 0, 0 )
enabled = true
cast_to = Vector3( 0, -0.7, 0 )
collision_mask = 12
collide_with_areas = true
debug_shape_custom_color = Color( 0.333333, 0.835294, 0.901961, 1 )

[node name="Ray21" type="RayCast" parent="Checkers/ClimbingRays"]
transform = Transform( -0.707107, 0.707107, 3.09086e-08, 0, -4.37114e-08, 1, 0.707107, 0.707107, 3.09086e-08, 0, 0, 0 )
enabled = true
cast_to = Vector3( 0, -0.7, 0 )
collision_mask = 12
collide_with_areas = true
debug_shape_custom_color = Color( 0.333333, 0.835294, 0.901961, 1 )

[node name="Ray8" type="RayCast" parent="Checkers/ClimbingRays"]
transform = Transform( 0.866025, -0.5, 0, 0.5, 0.866025, 0, 0, 0, 1, 0, 0, 0 )
enabled = true
cast_to = Vector3( 0, -0.7, 0 )
collision_mask = 12
collide_with_areas = true
debug_shape_custom_color = Color( 0.333333, 0.835294, 0.901961, 1 )

[node name="Ray9" type="RayCast" parent="Checkers/ClimbingRays"]
transform = Transform( 0.866025, 0.5, 0, -0.5, 0.866025, 0, 0, 0, 1, 0, 0, 0 )
enabled = true
cast_to = Vector3( 0, -0.7, 0 )
collision_mask = 12
collide_with_areas = true
debug_shape_custom_color = Color( 0.333333, 0.835294, 0.901961, 1 )

[node name="Ray10" type="RayCast" parent="Checkers/ClimbingRays"]
transform = Transform( 0.5, 0.866025, 0, -0.866025, 0.5, 0, 0, 0, 1, 0, 0, 0 )
enabled = true
cast_to = Vector3( 0, -0.7, 0 )
collision_mask = 12
collide_with_areas = true
debug_shape_custom_color = Color( 0.333333, 0.835294, 0.901961, 1 )

[node name="Ray11" type="RayCast" parent="Checkers/ClimbingRays"]
transform = Transform( 0.5, -0.866025, 0, 0.866025, 0.5, 0, 0, 0, 1, 0, 0, 0 )
enabled = true
cast_to = Vector3( 0, -0.7, 0 )
collision_mask = 12
collide_with_areas = true
debug_shape_custom_color = Color( 0.333333, 0.835294, 0.901961, 1 )

[node name="Ray14" type="RayCast" parent="Checkers/ClimbingRays"]
transform = Transform( 0.353553, -0.612372, 0.707107, 0.866025, 0.5, 0, -0.353553, 0.612372, 0.707107, 0, 0, 0 )
enabled = true
cast_to = Vector3( 0, -0.7, 0 )
collision_mask = 12
collide_with_areas = true
debug_shape_custom_color = Color( 0.333333, 0.835294, 0.901961, 1 )

[node name="Ray15" type="RayCast" parent="Checkers/ClimbingRays"]
transform = Transform( 0.353553, -0.612372, -0.707107, 0.866025, 0.5, 0, 0.353553, -0.612372, 0.707107, 0, 0, 0 )
enabled = true
cast_to = Vector3( 0, -0.7, 0 )
collision_mask = 12
collide_with_areas = true
debug_shape_custom_color = Color( 0.333333, 0.835294, 0.901961, 1 )

[node name="Ray16" type="RayCast" parent="Checkers/ClimbingRays"]
transform = Transform( -0.353553, 0.612372, -0.707107, 0.866025, 0.5, 0, 0.353553, -0.612372, -0.707107, 0, 0, 0 )
enabled = true
cast_to = Vector3( 0, -0.7, 0 )
collision_mask = 12
collide_with_areas = true
debug_shape_custom_color = Color( 0.333333, 0.835294, 0.901961, 1 )

[node name="Ray17" type="RayCast" parent="Checkers/ClimbingRays"]
transform = Transform( -0.353553, 0.612372, 0.707107, 0.866025, 0.5, 0, -0.353553, 0.612372, -0.707107, 0, 0, 0 )
enabled = true
cast_to = Vector3( 0, -0.7, 0 )
collision_mask = 12
collide_with_areas = true
debug_shape_custom_color = Color( 0.333333, 0.835294, 0.901961, 1 )

[node name="Ray12" type="RayCast" parent="Checkers/ClimbingRays"]
transform = Transform( -4.37114e-08, -1, 0, 1, -4.37114e-08, 0, 0, 0, 1, 0, 0, 0 )
enabled = true
cast_to = Vector3( 0, -0.7, 0 )
collision_mask = 12
collide_with_areas = true
debug_shape_custom_color = Color( 0.333333, 0.835294, 0.901961, 1 )

[node name="Ray13" type="RayCast" parent="Checkers/ClimbingRays"]
transform = Transform( -4.37114e-08, 1, 0, -1, -4.37114e-08, 0, 0, 0, 1, 0, 0, 0 )
enabled = true
cast_to = Vector3( 0, -0.7, 0 )
collision_mask = 12
collide_with_areas = true
debug_shape_custom_color = Color( 0.333333, 0.835294, 0.901961, 1 )

[node name="Ray22" type="RayCast" parent="Checkers/ClimbingRays"]
transform = Transform( 1, 0, 0, 0, -0.5, 0.866025, 0, -0.866025, -0.5, 0, 0, 0 )
enabled = true
cast_to = Vector3( 0, -0.7, 0 )
collision_mask = 12
collide_with_areas = true
debug_shape_custom_color = Color( 0.333333, 0.835294, 0.901961, 1 )

[node name="Ray23" type="RayCast" parent="Checkers/ClimbingRays"]
transform = Transform( 1, 0, 0, 0, -0.5, -0.866025, 0, 0.866025, -0.5, 0, 0, 0 )
enabled = true
cast_to = Vector3( 0, -0.7, 0 )
collision_mask = 12
collide_with_areas = true
debug_shape_custom_color = Color( 0.333333, 0.835294, 0.901961, 1 )

[node name="Ray24" type="RayCast" parent="Checkers/ClimbingRays"]
transform = Transform( 1, 0, 0, 0, -0.866025, 0.5, 0, -0.5, -0.866025, 0, 0, 0 )
enabled = true
cast_to = Vector3( 0, -0.7, 0 )
collision_mask = 12
collide_with_areas = true
debug_shape_custom_color = Color( 0.333333, 0.835294, 0.901961, 1 )

[node name="Ray25" type="RayCast" parent="Checkers/ClimbingRays"]
transform = Transform( 1, 0, 0, 0, -0.866025, -0.5, 0, 0.5, -0.866025, 0, 0, 0 )
enabled = true
cast_to = Vector3( 0, -0.7, 0 )
collision_mask = 12
collide_with_areas = true
debug_shape_custom_color = Color( 0.333333, 0.835294, 0.901961, 1 )

[node name="Ray26" type="RayCast" parent="Checkers/ClimbingRays"]
transform = Transform( 1, 0, 0, 0, -1, 8.74228e-08, 0, -8.74228e-08, -1, 0, 0, 0 )
enabled = true
cast_to = Vector3( 0, -0.7, 0 )
collision_mask = 12
collide_with_areas = true
debug_shape_custom_color = Color( 0.333333, 0.835294, 0.901961, 1 )

[node name="Ray27" type="RayCast" parent="Checkers/ClimbingRays"]
transform = Transform( 0.866026, 0.5, -8.74228e-08, 0.5, -0.866025, 0, -7.57104e-08, -4.37114e-08, -1, 0, 0, 0 )
enabled = true
cast_to = Vector3( 0, -0.7, 0 )
collision_mask = 12
collide_with_areas = true
debug_shape_custom_color = Color( 0.333333, 0.835294, 0.901961, 1 )

[node name="Ray28" type="RayCast" parent="Checkers/ClimbingRays"]
transform = Transform( 0.866026, -0.5, 8.74228e-08, -0.5, -0.866025, 0, 7.57104e-08, -4.37114e-08, -1, 0, 0, 0 )
enabled = true
cast_to = Vector3( 0, -0.7, 0 )
collision_mask = 12
collide_with_areas = true
debug_shape_custom_color = Color( 0.333333, 0.835294, 0.901961, 1 )

[node name="Ray29" type="RayCast" parent="Checkers/ClimbingRays"]
transform = Transform( 0.5, -0.866025, -8.74228e-08, -0.866025, -0.5, 0, -4.37114e-08, 7.57103e-08, -1, 0, 0, 0 )
enabled = true
cast_to = Vector3( 0, -0.7, 0 )
collision_mask = 12
collide_with_areas = true
debug_shape_custom_color = Color( 0.333333, 0.835294, 0.901961, 1 )

[node name="Ray31" type="RayCast" parent="Checkers/ClimbingRays"]
transform = Transform( 0.353553, -0.612372, -0.707107, -0.866025, -0.5, 0, -0.353553, 0.612372, -0.707107, 0, 0, 0 )
enabled = true
cast_to = Vector3( 0, -0.7, 0 )
collision_mask = 12
collide_with_areas = true
debug_shape_custom_color = Color( 0.333333, 0.835294, 0.901961, 1 )

[node name="Ray32" type="RayCast" parent="Checkers/ClimbingRays"]
transform = Transform( 0.353553, -0.612372, 0.707107, -0.866025, -0.5, 0, 0.353553, -0.612372, -0.707107, 0, 0, 0 )
enabled = true
cast_to = Vector3( 0, -0.7, 0 )
collision_mask = 12
collide_with_areas = true
debug_shape_custom_color = Color( 0.333333, 0.835294, 0.901961, 1 )

[node name="Ray33" type="RayCast" parent="Checkers/ClimbingRays"]
transform = Transform( -0.353553, 0.612372, 0.707107, -0.866025, -0.5, 0, 0.353553, -0.612372, 0.707107, 0, 0, 0 )
enabled = true
cast_to = Vector3( 0, -0.7, 0 )
collision_mask = 12
collide_with_areas = true
debug_shape_custom_color = Color( 0.333333, 0.835294, 0.901961, 1 )

[node name="Ray34" type="RayCast" parent="Checkers/ClimbingRays"]
transform = Transform( -0.353553, 0.612372, -0.707107, -0.866025, -0.5, 0, -0.353553, 0.612372, 0.707107, 0, 0, 0 )
enabled = true
cast_to = Vector3( 0, -0.7, 0 )
collision_mask = 12
collide_with_areas = true
debug_shape_custom_color = Color( 0.333333, 0.835294, 0.901961, 1 )

[node name="Ray30" type="RayCast" parent="Checkers/ClimbingRays"]
transform = Transform( 0.5, 0.866025, -8.74228e-08, 0.866025, -0.5, 0, -4.37114e-08, -7.57103e-08, -1, 0, 0, 0 )
enabled = true
cast_to = Vector3( 0, -0.7, 0 )
collision_mask = 12
collide_with_areas = true
debug_shape_custom_color = Color( 0.333333, 0.835294, 0.901961, 1 )

[node name="IK" type="Spatial" parent="."]
visible = false

[node name="EyeMainControl" type="Position3D" parent="IK"]
transform = Transform( 1, 0, 0, 0, 1, 0, 0, 0, 1, 0, 0.75, -0.9 )
visible = false

[node name="Proximity" type="Area" parent="."]

[node name="CollisionShape" type="CollisionShape" parent="Proximity"]
transform = Transform( 15, 0, 0, 0, 15, 0, 0, 0, 15, 0, 0, 0 )
shape = SubResource( 31 )

[node name="DebugHealthBar" parent="." instance=ExtResource( 1 )]

[node name="AnimationPlayer" type="AnimationPlayer" parent="."]
playback_process_mode = 0
playback_default_blend_time = 0.2
anims/RESET = SubResource( 41 )
anims/ShellUnhide = ExtResource( 9 )
anims/SnailFall = ExtResource( 26 )
anims/SnailFlip = ExtResource( 16 )
anims/SnailGrab = ExtResource( 34 )
anims/SnailHang = SubResource( 42 )
anims/SnailHidden = ExtResource( 15 )
anims/SnailHide = ExtResource( 5 )
anims/SnailIdle = ExtResource( 3 )
anims/SnailJump = ExtResource( 27 )
anims/SnailLedge = ExtResource( 33 )
anims/SnailLift = ExtResource( 31 )
anims/SnailMove = ExtResource( 4 )
anims/SnailPress = ExtResource( 37 )
anims/SnailPush = ExtResource( 35 )
anims/SnailRollBack = ExtResource( 17 )
